1613303843207 29.070624 124.088649 221.379872 13.725511 
1613303844255 29.087067 124.137977 223.085798 13.741954 
1613303845301 30.016077 124.187305 221.758053 13.639187 
1613303846349 123.517267 232.622541 6.692163 34.550141 
1613303847396 107.308914 232.051159 18.826846 30.858763 
1613303848443 78.242401 230.776853 49.549958 31.878208 
1613303849490 46.952017 230.669975 81.119866 31.483584 
1613303850537 17.725188 232.499221 108.118715 30.916313 
1613303851585 229.654641 115.464474 21.227475 21.811189 
1613303852632 209.775464 115.933089 40.966889 16.549538 
1613303853679 91.088229 116.257832 70.259489 21.897513 
1613303854721 150.018725 116.344156 99.913827 21.428897 
1613303855768 120.413714 78.398606 129.843580 19.690086 
1613303856812 109.413574 123.102089 148.033274 22.259252 
1613303857859 111.312702 150.018725 13.293891 110.930410 
1613303858912 83.915119 124.725802 43.466173 113.446137 
1613303859957 54.256669 144.929721 72.931421 116.155065 
1613303861005 23.603439 143.330673 102.861174 117.947315 
1613303862052 11.189231 99.498650 121.034425 119.743676 
1613303863097 137.481196 130.895911 113.553014 8.155560 
1613303864148 123.274737 131.413854 127.225087 5.759042 
1613303865194 92.637950 125.934338 157.343930 7.378644 
1613303866241 62.309462 77.358608 188.412337 7.156668 
1613303867285 32.330381 129.362632 218.929916 7.173111 
1613303868335 29.518686 130.275200 221.067461 7.222439 
1613303869385 29.568014 129.827138 221.536077 7.242992 
1613303870432 29.568014 129.346190 222.415760 7.242992 
1613303871479 29.588568 129.827138 221.519635 7.275877 
1613303872525 29.535129 129.379075 221.293548 7.222439 
1613303873572 29.572125 129.810695 222.000582 7.242992 
1613303874622 29.518686 129.810695 221.552520 7.210107 
